EMD inputs tensor([[ 0.0192,  0.2056, -0.1770],
        [ 0.2027,  0.0764,  0.6681],
        [-0.2845, -0.1237,  0.7692],
        ...,
        [ 0.0541,  0.3031, -0.2904],
        [ 0.0192,  0.2517,  0.4125],
        [ 0.0572, -0.0204, -0.4105]], device='cuda:0') tensor([[-0.3290, -0.3622, -0.0196],
        [ 0.4718,  0.0404, -0.1912],
        [-0.3826,  0.0570, -0.1942],
        ...,
        [-0.1348,  0.0570, -0.1950],
        [-0.5801, -0.6774, -0.1134],
        [ 0.0087,  0.0570,  0.0488]], device='cuda:0')
assignment tensor([[ 185,  793,  387,  ...,  763,  403,  283],
        [ 552,  137,  774,  ...,  558,  488,  254],
        [   0,    1,    2,  ..., 1021, 1022, 1023],
        ...,
        [ 913,  953,  799,  ...,  557,  476,  285],
        [ 122,  233,   69,  ...,   52, 1003,  383],
        [ 815,  377,  361,  ...,  963,  326,  694]], device='cuda:0',
       dtype=torch.int32)
data, label tensor([[ 0.0186,  0.2070, -0.1779],
        [ 0.3868, -0.1771,  0.2424],
        [-0.2845, -0.1237,  0.7692],
        ...,
        [ 0.0542,  0.3042, -0.2902],
        [-0.0201,  0.2822,  0.3508],
        [ 0.0572, -0.0205, -0.4104]], device='cuda:0')